-0.841441709213 -0.185592302504
-0.308914733355 -0.103856967471
1.31040852943 0.668630122737
-0.675073518118 0.282778733766
-1.2315686053 0.335117377248
0.840417019886 1.07314283095
0.325064471527 -1.54899330775
2.23074083646 0.287861644116
1.07994430732 1.62912588428
1.56187110741 0.892908132128
0.954809597131 1.12438697577
0.751419907347 1.71539607357
0.546644408016 0.591920255496
-0.422449192778 -0.232354461731
0.785864388709 0.364417531206
-0.167979557141 1.61672956013
0.141774432676 0.0653123388436
1.10647924293 2.09533856504
-0.566733760942 -0.111780222686
0.308667204175 0.274126852974
0.142466359311 -0.0967888486484
1.70476384403 2.26048112012
2.66894564139 2.74462667842
0.212463508487 2.19774536762
0.955122897061 1.06625319378
1.78460089125 0.134676491098
1.19721659014 1.05521364568
-0.51377583464 -0.627075123856
0.505168564759 0.136080419236
0.491539892981 0.436493226395
0.171320777358 0.0581456792845
2.41367668192 1.66542950626
-0.567192332319 0.992430881591
-0.325667866647 -0.726651256771
2.00198445398 0.469785602273
0.961490480478 1.31853753399
1.54378222106 0.0314969478111
3.41730582161 3.15533506403
1.64905474388 0.631025591384
0.67841299362 2.47458555895
0.700940382198 -1.26877921475
-0.00183426055323 1.04447744976
1.00169630502 0.436191272376
0.834205825554 1.35105239516
2.08148143488 0.975063521432
1.2416952813 1.27086295916
0.146079264293 0.220664258137
1.59388308056 0.411706782076
2.37271627039 0.460995505625
-0.455364979278 1.8336722277
1.07047502698 -0.617766273116
0.41792388734 1.80585391351
1.72476439188 0.549901180112
2.29934469945 1.19077071988
3.2728695837 2.56135878136
0.356220730854 0.86025878303
1.31088417681 2.70330111256
1.60875537939 0.159486473764
0.466437427798 0.521512057414
0.726742527524 2.35830039182
1.66902694373 1.77881077866
0.114105958644 3.02515150287
1.30948159363 0.516455597141
1.63976877339 -0.864718587273
0.152052868014 0.648770289583
0.593791188433 -0.0967920672099
-0.288221124945 -0.0435631736204
0.0187091934222 0.532195962221
1.41947120498 2.66932488957
0.586183259527 0.858574555868
0.213621968166 0.185431192848
2.16062638254 3.07038065535
0.827486079704 0.595192052626
1.07120958895 1.29871426429
1.16693543711 0.803562427666
1.25988597673 0.677133952613
0.171617007156 -0.102946815012
1.24980938636 2.27106757543
1.89432245673 2.21688024679
0.063904813123 0.661496285528
-0.707894603971 0.159680441915
2.35878777891 1.49356218741
1.9672910844 1.71922549391
2.63156332054 2.37179767204
-0.610602530968 -0.650997374311
2.24504567439 0.541557288366
1.42831979912 0.636950728198
2.59162928285 0.00976263668941
0.643458768787 -0.139228329591
1.55143194834 1.11542157778
1.80579912212 1.41625885617
2.44142404954 1.70368558709
1.0945206344 0.285218443577
0.813959233337 -0.298979171201
3.6974620024 1.08854963757
1.5002551709 0.777071663012
1.34297810979 0.295979148424
-0.175596353646 -0.150405829873
1.91528538217 0.122995601621
1.66560518669 0.687128204507
2.37186542711 1.31424438752
0.279520160347 0.234888679538
1.49309779928 2.88289207784
0.689142264488 0.518780858874
-0.738092998002 -0.138056473337
-0.121779380433 -0.231300535225
1.94960895124 1.67098209418
0.838966828381 -0.143214714413
1.87921822753 1.86183580304
0.285653516358 -0.378486026858
0.393605310585 0.953851134132
0.327076911536 -0.391976638107
1.40368662914 2.01613403968
1.13535202399 0.40727908343
1.54166917666 1.13766955898
-0.15338883637 0.991246747368
0.051245544145 0.248029039282
2.69522615007 1.11171843769
1.69188181875 0.62832673294
-0.672457240762 -0.5211863005
1.27555918565 0.690848708166
1.5674493752 0.463392441787
0.743348590204 0.93820103189
2.8098626564 0.334989451616
0.777938929753 1.83798871596
1.39179339851 1.94529754239
0.931947670963 1.08934432938
1.47885133142 2.25376674066
1.74115343824 1.25713976854
-1.15023667902 0.00991313819796
1.53210560842 1.26318461141
0.350706251921 0.37225775766
0.652546165 1.17751906513
-0.388975586171 0.201242114043
1.15395885441 1.96462674525
0.0855052223976 -0.275305149926
0.700848919046 0.687535307909
0.563218540551 -0.0290464079848
2.43955162104 0.500878124809
0.18949524807 0.703344004557
-1.07012905903 -0.173890249834
0.375049261788 -0.586575260054
1.64852117336 1.37400053701
1.76778787823 2.21104580511
1.88318291616 1.68665564332
0.317781081392 0.263231266365
0.545275245504 1.65156413969
-0.561341539463 0.334174588668
0.759671980533 0.536295598391
-0.0940314305312 -0.130497310786
1.72797072551 -0.49256362018
2.60539994724 1.82131301419
0.397050781383 1.2666433537
2.83163262343 1.53473835008
0.488250223503 0.587510858761
0.789573218129 1.31354522446
0.828086009844 0.17070818531
1.57550171809 1.14084570511
1.30930151583 0.737986059132
0.182116740467 1.4019219757
0.834261599599 0.831781070953
1.81847972178 0.48549307868
-0.323910196722 0.0789541752445
2.0097790309 2.70896189844
0.660643756947 2.1888077264
0.587586380439 0.00515980750678
0.300140936971 1.0348286879
1.0950191707 -0.213930498799
2.42018452591 1.71307619108
1.16582527697 1.39756649847
1.46853169996 2.90136008342
2.17287870072 3.69389110177
2.07472185889 1.67639521424
1.74733942361 0.434257303013
1.90662297284 1.80917742435
0.83575543936 1.30499532959
0.199924065936 0.375173756282
1.09826762745 1.48706487819
-1.04622179762 0.928437490691
0.558638528202 0.132615666165
0.487477231283 1.62533391297
1.96540187701 1.54553376309
1.61557486114 1.89366579498
1.381299291 0.565498455273
1.00118334006 0.531895001513
0.565965541339 0.865625519762
1.45949515862 0.764594457126
0.0189402469063 -1.00078052219
1.66122176263 1.5171581658
-0.0311742770532 0.314522983371
1.43450823695 0.856077417465
-0.164597922382 0.709116578381
2.08126746812 3.10242600859
0.45406199492 0.767335138382
0.987126047364 -0.547529537197
0.615733837428 1.76836370594
0.714775927724 0.544068154898
1.93225591616 1.31256337326
1.17776379697 -0.506039580485
1.19088915362 1.34823501671
-0.435310215856 0.962559233287
-0.0434590560745 1.84168649267
1.40482683218 2.71791744594
0.441061156966 1.07388666254
-0.429191082469 -0.422807068568
0.339975633909 0.208639487575
0.796803102154 0.845504952738
1.39509399981 1.25193616756
0.942967022822 0.725194255375
2.18420418716 0.120759891027
0.433856583466 2.13513942592
0.593182654124 0.138698392985
2.54332049238 1.49877864818
2.6292524284 2.62145296743
-0.702309900248 -0.301847662278
1.4834463958 2.26434165235
0.824977094459 1.7503328101
0.631390486134 -0.665177115846
0.867565705495 0.584669765974
1.52092810948 1.57711031484
2.23614901087 1.99176911879
1.04183292707 1.47731157254
0.0754892432648 3.15305933913
0.184970074985 2.04507384537
1.77986542397 0.50054878862
0.068420730763 -0.098189550026
1.40871820442 1.49259666489
-0.723035349605 -0.667143399848
1.07044830986 2.53360704053
3.97663764929 3.37282399804
-0.0625688641465 0.487316559564
-0.765688214569 0.235879818782
0.629171830489 -1.02061167568
0.27952444912 1.68016174249
1.86065963086 -0.130957618238
-0.790196887693 1.04484013265
-0.294454515404 -0.0916128540318
0.843211967193 1.0416194046
0.581416449182 0.818259998984
2.47951484995 1.72745085939
1.12423862828 0.660262457153
-0.186372700077 1.35175816252
1.39100979447 0.389760459115
1.73717940377 1.82100249964
-0.370175830861 -0.0646207830796
0.545341721743 0.84352307934
0.145731086746 0.0991824112341
-0.866045643578 2.2758936716
2.21690404441 0.695802388827
1.17264489061 0.408646987112
1.30007419845 1.28804972548
1.71746202302 0.492773905379
0.786429856468 -0.127067668381
1.83363907847 0.360926818784
1.75996760462 2.08135946874
1.57879843279 1.62535521712
0.954267355553 1.77247680142
0.296405147742 1.47875256563
0.407973087601 -0.0155234124379
0.651332182114 2.37055312842
-1.19238771251 -0.0292082200456
3.35135724879 1.49965615629
1.03287421444 2.10196972921
0.570254267595 1.54782165494
1.69720874337 2.37934809045
1.40988792917 1.53164314091
3.10818594731 1.2700086834
0.187022308259 2.36579286446
0.642590848766 1.36156285678
0.0149646274018 -0.260804492717
1.42684236281 0.443560272552
1.26860168507 1.26378231168
1.07670117957 0.830469059871
0.321853653577 0.671995333331
-0.215920804493 -0.170470171077
1.31071207435 0.615589509732
1.70707333406 0.843805230761
2.28792666273 0.514433092121
1.15515171196 1.09238748953
0.335695462446 1.85165168041
1.02420581795 0.571253624863
0.457604686117 -1.24140147526
1.20237652177 2.56330785542
1.52217324184 0.580894351114
0.900326141538 1.11184675987
1.70697592679 1.72147465701
0.975864112815 0.833998311509
0.696063966469 0.519050944075
0.217678319423 1.19887915511
0.573107713121 -0.222975490088
0.477025596773 -0.509194637398
0.0248474179164 -2.35266658403
-0.0237653843828 0.909240369188
2.29986084501 0.172529800168
2.60589056996 2.25150813416
1.97485045137 1.86425351061
0.49225450582 -0.0849994746812
2.451253067 2.01146565984
3.18109689921 1.66148164149
1.88515449471 2.50848469092
0.674718984205 1.91024757155
0.17244438178 0.727522409327
2.75315258684 1.32014377942
2.52193940724 0.681013597047
0.422026991036 -0.645718133626
1.75552400483 0.682244519149
1.89033664548 2.09503925861
0.341914523311 -0.436902739232
-0.0972322535221 0.762994778771
2.25562411984 0.377964481608
1.12362891816 1.14806119933
0.432075248583 -0.0890293948677
0.0476324676254 1.68171799576
2.1886712362 2.23130684279
1.36383117444 1.1066626025
0.870963296403 0.442420679833
2.02091431046 0.930051724686
0.241279390264 0.534065610099
-0.0860894760245 0.773124501368
1.20489182454 0.739020904997
1.76682808288 1.10212784612
0.761999409833 0.656909235006
-0.467739814262 1.01887680578
-1.17354394042 0.172271416884
3.50335426679 2.47043244818
2.73517550429 2.08264371053
1.20493084229 3.22617892529
0.273387412655 -0.0648197649911
0.980982907159 1.82283753804
0.786996994152 0.0882584309912
-0.764199792554 0.732691206433
0.774120227928 -0.503635365515
-0.269809525868 1.37194412444
1.90151589336 1.9624892324
0.871323434203 0.409290140837
1.5665095663 2.2489283266
0.552540991801 0.922480184878
-0.312898010795 1.26402174132
0.584916098792 0.354340009957
0.156308165287 0.419092939255
1.51446205187 2.0236423202
0.500938134857 2.00752010919
2.07463027521 2.12218067534
0.11445850524 -0.427024714458
0.563054783446 1.17436372091
2.83669340467 0.824791712548
-0.367270237647 0.56262964336
2.50074926112 1.41207378834
-0.00482125724974 1.13730944525
1.44629498661 2.12355369116
-0.560482949988 -0.939699763175
-0.0955031980854 2.0567476869
0.456014400368 0.36441537961
0.310864948078 0.0318571446116
1.9334648405 0.939752262642
1.93095681651 0.297130511298
2.26701572284 1.86150874651
0.933360992761 0.368144016421
1.56239443411 2.33573538642
0.645916470221 -0.917155503442
-0.174926011414 -0.658408585412
2.36964768912 2.07581787582
-0.0642360544203 0.860094091456
-0.625360268233 -0.0837026707742
1.1448941995 0.954026315944
1.70571503595 0.192512992867
2.27207538153 1.70762773612
0.635211124017 -1.20934497973
-0.642688582419 -0.720931089269
-1.09011577495 -0.746249138247
2.00028083856 2.60097017978
1.70131996802 1.577696051
2.65569281438 0.839418290113
0.256586853551 0.468401491087
0.944741524353 0.593175305977
2.76919381212 2.22979050627
2.33475639007 2.33353631069
0.782672481184 0.572775635419
-0.884266122823 0.43833441021
-0.817473346513 0.568452473978
1.16474223079 1.21040007788
0.727601608204 0.639192126588
-1.22448595458 0.387920927841
-0.283695864899 0.202549656155
0.387545389297 2.30569535218
1.5663794541 2.4030803319
1.95237921025 1.59197141754
0.058475527154 -1.61406423105
1.90060264426 0.209192679568
2.03324390319 1.73746676548
0.78024332597 0.155388815721
0.585417316332 0.179959500772
0.0619323050468 0.0447411053157
1.82390385143 0.40418093465
-1.37392328932 0.577831347979
2.20122447984 0.812589104615
1.09165793338 0.533380674813
-0.621487124918 -0.49572458187
0.0460323242359 0.401844864673
1.68611515418 0.415338969496
1.35189718517 1.72343401888
1.6788389091 1.88725787627
0.312588323595 -0.0171282776984
1.42635775204 1.63060280784
1.9413250889 1.06848155426
2.90709917535 1.20964012265
1.80247510403 0.82259121079
2.07448224878 1.2611171383
2.20668952927 2.37523157332
-0.546971148699 -0.968456377418
0.615026674662 0.66114335992
-0.785103451719 0.686434772209
0.499385296985 0.561383108048
2.03070329974 3.24280654966
0.117941608806 0.132008858202
-0.431656831475 -0.133188697257
0.0133727774302 -0.00493535766314
1.77731214489 2.9960016427
0.0503308947207 -0.0303354429544
-0.77490462026 -0.0820602743801
1.0473030926 1.48977102635
0.928898628122 0.249671891788
1.37738869279 0.531756327505
2.4980484684 2.06602707453
1.35831481552 2.19882653388
1.37652037458 1.67072439613
1.23827888352 0.654838633407
3.47639681043 1.9069942733
0.830482024872 2.35187136821
-0.168575677162 1.00698233528
0.717901746586 0.276938774834
-0.645085664604 0.128268013796
-0.207787129791 -0.650578509119
1.02324047928 1.95999376572
1.28757491129 2.38673279447
0.928759760875 0.658824746193
1.20221192127 0.52008899186
1.65501793496 2.26379159724
2.4015747856 2.2476920503
1.65162866289 -0.471353214886
-0.950258120557 -0.0629266270937
0.957848995048 0.630042349737
2.95668883416 0.739483216516
0.19502617462 -0.0220979143388
1.53042444012 0.598771565111
1.910692193 1.94395185348
1.48544669088 0.604791795989
3.3843529916 0.435132551908
2.08964441907 1.32616578842
-0.311907307466 -0.184199309703
0.65400216081 2.04704099577
0.687146982104 -1.13854803476
0.91475062064 1.51135883685
3.17570687954 2.46067864005
0.16644344496 0.745009834752
2.10616083254 0.983146387105
1.78141962857 3.80727821969
3.19580858018 1.44783786979
0.712710325435 -0.0546075316835
-0.542028907547 -1.04229837971
1.53873931056 1.03038467071
1.69815754943 1.75306575027
1.4944612018 3.08069858472
0.36502743044 1.23929320149
1.86369859892 1.28751742644
1.53051962106 0.707547468816
0.0981364971007 -0.465605560877
2.68435154338 1.59566435983
-0.90770213703 0.109076317087
0.860346846357 0.55669845918
0.0254971306855 0.479220788849
0.0994651357384 -0.197875500588
0.81747598663 1.84890059001
0.00991052745242 -1.09603523837
1.54486490763 1.05749188428
0.840416547073 1.21815503393
2.46508109329 1.14866572534
-0.0295415133134 0.596503007346
-0.377310676243 0.377057918505
-0.185287988298 0.262783299229
-0.0268697704408 -0.101586090294
0.752781441694 1.44543542221
-0.312261976102 0.109790172514
0.804013127746 1.42221781552
1.72445197118 1.59418721625
0.458895023166 2.64608861424
1.59665746317 1.87164247519
1.34550106419 -0.110604997494
0.979045582838 0.849134669077
-0.543084487541 -1.30724714037
0.762273285058 0.630288147242
2.28000162846 2.02124559144
2.08684431047 1.64711593641
2.06823921078 1.36615791893
1.34176635991 2.13077504962
1.48501148686 1.70319034538
-0.57453738555 0.939148731683
0.391737177545 1.7380321925
0.0580129738407 0.549913506969
0.509419069976 0.705351353628
2.56880519496 2.5920038749
1.28552540475 1.46980704376
1.61804300432 0.0443926976791
1.72231468015 -1.50370368587
0.0740849180882 -0.429313034245
-0.721752683312 0.373076719524
1.2980177814 2.43222300079
0.0506213762225 1.69454334593
1.15300215639 1.37997119615
0.370205164842 0.458257916084
1.30094861267 0.964048728146
-0.89801842715 0.325457209178
0.83040753043 0.634070850308
1.13688897902 1.43484265475
1.24259094842 0.362058532238
3.23613977662 1.19617328943
1.24058951309 -1.38504754624
-0.621303935803 -1.01938373084
1.29013545676 0.341687016992
0.788159352885 1.66701786392
0.162674582893 0.759753767072
0.256521242042 -0.821379227246
-0.868390683441 -0.0741232136567
2.25886612049 1.90290678627
0.653905774465 -0.520997047032
1.59696875701 1.12633784818
0.682299923902 1.3039516404
1.13487897344 0.281890741874
0.492578332497 1.68866562506
0.924695530723 -0.19131683352
1.97490238722 0.761808859028
1.29103701257 1.16237824511
0.97523615393 1.06518258822
0.204220883883 -0.287952405422
-0.657265271929 0.648116991153
1.64608860873 0.661414790492
0.941978285905 0.962031040588
0.380941393869 0.596711293137
1.41090521585 1.73366084028
-0.292453346212 -0.215384609051
0.0655979261653 1.0624432686
0.474479889989 1.29119526546
0.886904518151 2.4701302226
1.50273956465 2.25389095367
0.963486600279 0.243864020077
1.38021645788 1.5411140913
-0.0563583959205 0.276798821406
-0.642203940583 -0.450281019356
0.651592424955 1.55597300478
1.19775576336 1.40510225011
-1.1140363701 0.294779874473
1.5772991256 1.55469256079
0.244818274301 1.00657651666
-0.374303470277 0.851253553359
1.07990840162 -0.102470311285
2.23131929754 1.13333358669
1.65827849901 0.630518980426
2.36477293306 1.98433435239
2.7409492523 0.362162779813
1.51564172591 1.34742913227
1.58193042431 1.46898193456
0.95824810152 1.98900957151
0.26504874993 1.68819304783
1.20849889731 1.71844989761
0.736840442357 -0.260168188913
1.22490065773 3.08046511054
0.485105023345 1.40798011407
0.197359630285 -0.735684949298
0.358957714568 0.943079505092
-0.278252325347 -0.358955839322
0.409501253855 0.580932422504
0.697176770228 1.09627159768
-0.217529832101 1.20369578395
1.92640653068 0.26661284391
0.965948419542 -0.334013578908
2.84514776201 1.5452090784
1.04007552464 1.10640524514
1.77903704883 1.01147031475
0.835284692917 0.998089781975
1.05802381484 1.206527565
0.239842165743 0.0882035046372
0.178429844159 2.44687046838
0.0498732011169 0.326696097604
0.862409559803 1.63768538366
0.895916488714 1.66753965255
1.99959710455 2.22332638236
0.570648920515 0.405781786402
2.40400679689 1.24811636844
4.67623549185 2.97854366696
0.680755761988 0.959629208723
-0.0747643099526 0.797824945708
-0.495939360125 0.8491591418
0.717441394432 2.17588912606
-0.201585121532 1.85747283868
0.0501004446458 -0.0398853176934
0.476446580817 0.103123785504
1.66066035896 2.59365500902
1.49757489112 1.50988785137
0.384855651109 0.85962543941
0.802445909945 0.954750151374
1.81925724357 1.03356621615
0.0226117196225 -0.195454442015
0.743430892951 1.51325350546
2.30761513963 1.31113243792
0.906682879381 2.25827690135
2.7395844887 0.443701999977
1.27569106891 0.98925142512
0.685142338035 0.139068141326
2.08476661793 0.976373095501
1.51233778855 1.55904509879
-1.16083638151 -0.536850941
0.618867727167 0.705999356436
0.980136530426 0.489004800123
-0.212294005846 1.00364172787
1.17656279644 0.5980419652
0.517560572312 0.173593779344
3.01644025182 2.20238818966
1.60126346986 0.601350077094
0.218515690748 0.969297668138
0.711425321408 1.1541512657
0.421658120504 0.329875940224
2.03802757191 2.3401022984
1.69782716486 2.13713460399
2.90866909345 1.46606173802
2.04203940751 1.45696629401
2.47668537719 1.09066812222
-1.28178238577 0.496339190923
0.511320010602 0.11086973848
0.904460139081 0.120067941024
0.398581452684 -0.393225919393
1.58201381898 1.21422177472
3.29000442948 1.88298333697
0.961869651642 1.72625886849
1.95050182945 1.41021250283
1.24013383052 1.26037936534
-0.377949032423 1.58348949311
0.967217882718 1.93590827968
2.48053473023 0.686671012089
0.401284684987 0.346084031548
1.13279531765 2.33675809866
-0.849933282417 0.135958349841
1.91527897143 0.408052497428
1.19818632983 -0.28562708295
1.77276120299 1.70235678427
1.30662890459 2.73727512944
-0.0943402432038 -0.218675316397
1.23128628818 0.200698704997
3.60308066873 1.31787281754
0.513584425856 0.401115248178
1.43715327906 2.05416480793
0.599054268169 0.730270543363
1.68462440141 2.46043055007
0.968354248441 0.76578750729
0.157447006892 1.20910512795
3.14496414798 1.49035944132
0.870359572324 0.722231380918
0.331810765747 0.835932078135
0.941516556489 2.18481189958
1.61851283957 0.801973186558
1.09168755847 0.653663156018
1.41703757592 2.26425381518
-0.210484891971 0.466294178713
-0.546471063172 0.459751772303
-0.857701660374 -0.979511921628
2.14075994202 1.62547973766
0.143784936816 1.36605073088
0.35582536465 1.48299475591
0.903672436894 0.814741159669
1.2849446331 1.03235073019
0.307279472818 1.38703765271
2.2450132376 0.426554235749
0.151601669367 1.04643282789
1.29367162254 0.504885904832
1.75917924677 1.20878172861
0.142917761085 1.59094761143
4.53675324938 2.3317296137
2.24832896056 0.689300609068
2.87867501488 1.75582016186
1.78961835607 0.69336469696
1.01181252787 -0.00314505093526
0.765866759077 -0.338255870199
1.50601507281 -0.451945246028
0.0249006778636 0.760135962325
0.604859074898 0.416487055283
3.19403313822 2.69789910032
-1.02342090688 0.409343459194
2.6290450419 2.70412930767
1.03629386561 2.8199051995
2.92554750538 2.79529185516
0.781985317386 1.37419326941
1.13710898918 1.13981007286
0.445337266579 0.713447256701
0.826806687325 2.52039719722
-0.522023359952 0.301976260629
0.794995309888 1.33275433983
1.13016787701 0.67039239553
0.635797218108 -0.76504096299
0.0224025898141 0.868494888569
0.0853020506244 0.398525711693
1.08902778839 1.68869945215
2.7389233004 2.00283503326
0.53582022191 -0.528042124423
3.60229479887 3.06940850383
0.938062663571 1.48055648226
-0.371277902773 0.631687706227
0.107974745565 -1.16567503216
0.286443316888 1.63146264853
1.72135158053 1.71847747853
-0.174763945243 0.273135094019
0.965042837815 2.58926278766
1.16609553595 1.45736502369
0.636667763642 1.69765475516
2.20834826233 0.896363273696
0.367190903588 0.336425146119
1.2135586276 0.139282487345
1.19539258526 2.01059103798
1.08265928535 0.514540617786
1.58719545725 1.61120633167
1.00779348379 -0.220523617866
1.50567513954 -1.67197048144
3.94678474407 0.841816337028
2.15296352863 1.24614129484
0.026979062279 2.21283073743
1.28747894489 2.37214269914
3.20521692119 2.40777294765
0.140007949732 -0.426611550616
0.346724607421 2.35838505868
-0.431575094625 -0.629113160654
1.99429382396 2.454195864
0.216710495349 -0.237251907424
-0.253367494774 0.281604153651
0.596275398621 0.641728303665
0.933898216165 -0.336844157409
-1.06795161709 0.355709947538
1.11527358242 0.969707953274
1.65689092848 0.265034168657
-0.0162416716491 1.24440599057
-0.431166683842 1.05928090638
0.479813734574 -0.423626300186
1.99050071997 2.17492532313
-0.568368665294 -0.31050996089
1.7706804987 1.29112255287
0.438162147512 1.61413033311
-0.0147422866435 -0.333638125533
-0.365483607378 0.234710548299
-0.100432041966 -0.101952866643
-0.112328549157 1.45188939478
0.523215553227 1.15177711657
2.48207109866 -0.109089552546
1.37291866106 2.4065564258
0.857548894427 2.47184163347
1.54079751602 -0.477035642922
0.0990127899369 0.498800111576
1.06614428184 0.727207597316
-0.0670088275547 0.189410985901
1.93437443917 1.37754613886
1.37125263134 0.485627732552
2.05771028258 -0.11335356323
2.04556962385 0.461706482684
0.741510324499 0.800344706985
2.42287500314 1.48928213682
2.87336023407 1.16602280408
0.520798264079 0.519699301167
-0.941760061642 0.457697101758
1.0891307794 0.115312616121
1.95183417801 1.80444405986
0.501991453526 1.15340066816
1.18598142356 1.97013611204
0.278190105671 0.660483048331
0.030202728948 -0.250204724725
2.59453174111 2.78252014393
2.60078643339 1.62702778266
-0.516771914752 0.222547461861
0.346990389481 -0.5102393356
2.69721739339 1.27257234806
-0.189086811336 -0.490005057571
2.80166726577 2.65844187544
0.743067127926 1.15045616118
1.32873720722 1.28276758649
1.37008628849 1.76754329012
1.34767048172 1.2686238369
1.88385315323 2.2854217863
1.62613583546 1.61551118902
1.3809922829 -0.429063746887
2.62044526945 0.605651970888
2.29626733844 2.52509297935
-0.241407744276 -0.959520264139
-0.535692823098 -0.598106241486
1.70688983152 0.625343086034
2.17614494792 1.52477405806
0.498465219943 1.34089433856
1.57527136479 1.87703307463
0.275547215483 0.637959361058
0.437573419288 1.64085202844
2.24203994957 0.830912437308
1.364822086 -0.265949298752
-0.681449768263 1.94085297767
0.62652176861 0.0259773712211
1.42318615951 1.4408605704
-0.444740173702 0.61556065488
1.2956622995 0.290848323932
1.03719067837 -0.316605025472
0.449085758016 0.464137472326
2.49734968782 1.74464771006
1.55974187217 0.155155565667
0.262836571902 0.659847032075
0.686071670203 1.76411983042
0.780934882534 0.341058144776
1.32698306009 1.67480616433
-0.674995218813 0.392767248594
2.29092963143 1.17420403362
-0.272635736711 -0.093990877418
2.17592360112 1.90737013881
0.196234356468 0.713069115909
0.701106668589 0.36985688057
1.34320647455 0.930862854236
0.282333257716 -0.873527282832
2.02234334352 1.83411741627
1.86951258701 3.84899882205
0.56957793513 0.455556658841
1.18193018664 1.33750228996
-0.68968636028 -0.73037208734
3.2182658069 2.94195116868
1.61518012986 2.32595606456
0.969847199356 1.79795468093
1.81211486175 1.92230064663
2.07773362203 2.58664252968
0.0191909674825 2.68748375827
1.08905108267 2.6654771867
0.552266945507 0.123189130349
1.67567064841 0.99459612808
1.23732742166 1.15072129405
0.769577169247 2.00530441351
0.334020051607 1.84418399328
1.5643852327 1.31632370844
2.04031211091 0.812633467479
2.59644405648 2.61137729129
1.93649872339 2.58495855932
-0.376667048837 0.952352903836
2.01404913382 1.0703573639
1.24554488669 1.00722801581
1.50420283435 0.500190971526
0.33637325311 -0.556971689426
2.86822684627 1.72653608392
1.62014682943 1.50057394416
1.29004478629 1.60955335032
0.426730257605 1.08312934647
0.134614301628 0.369284589361
0.857061313346 0.65475312853
1.92215422813 2.31661958825
-0.474547369869 0.512287392027
0.620366727888 1.01461253493
-1.14362650116 -0.930145689802
1.06751118005 1.55685668773
1.61702597538 1.84808110019
0.177927867995 2.28170010812
1.61487091218 1.61640400355
0.785841526688 -0.658400840874
0.917132104092 0.436365994694
0.095150937357 2.08518466275
1.34610830259 -0.392669711917
1.25007755167 2.08797280067
0.00864172867712 1.06980197261
0.107928101293 -0.328627224165
1.07269371219 0.178389959918
1.91564860513 1.67696314384
2.30539000926 0.00331330300447
1.49134182485 0.0867612344079
1.56835622659 1.37052111859
1.46434011547 0.924976497209
1.25051396208 1.00477729434
0.559521428228 0.952137339098
0.214070163322 0.583849892424
0.414139462307 0.174776756993
0.517917259334 1.98278273499
2.60396331471 1.6138456735
1.62313297299 1.75369021672
1.05747619113 -0.417525945304
1.19241291516 0.424563987002
-0.716888219355 0.943782316529
0.341815822045 0.922268432121
1.87720012533 1.78649614307
0.240623055188 0.809123384054
1.78487033424 1.44875794593
-0.177033485542 -1.15905452432
2.4680878426 2.73688062244
2.24848375361 1.39938651873
1.38348839684 1.14056844921
1.31127211513 0.565992162357
0.597016496393 0.91411185051
1.03600114734 1.75539320003
1.11353521645 2.00591405225
-0.0968677053132 1.14678313324
0.645070618008 1.4316702898
-0.76751443297 -1.04919073416
2.05633686198 2.55421688108
0.857243370445 1.47890917167
0.266297643111 0.389120555072
1.86701134412 2.32225188555
0.703141095823 1.20869988427
1.12997922933 0.888486346307
-0.360318217153 0.293069998994
1.25256801815 0.212955515449
1.0555039081 1.68533140054
0.101572635101 1.91626078296
2.47191755441 0.956186348341
0.0499257798407 -0.435393982824
1.43375287222 1.67553682273
1.20453415785 0.00951563936524
1.85133730702 1.28490347864
0.935646355565 0.279722709955
-0.229525195558 0.0464926647641
1.10201148961 3.04140906072
1.93927416554 2.46556886053
1.85425182759 2.02872213793
1.34526268934 0.575109717272
2.6720304798 3.12012131767
0.480915514738 1.14093190484
1.0271735066 -0.478103076047
1.93514945902 0.58938347435
2.26472081967 2.00355551902
2.82235770299 2.71474039063
0.138752817035 0.869438096018
1.2563570271 0.790722903151
0.548320468689 -0.429925146304
0.245148577549 -0.334262189645
1.2729712675 0.908033075436
1.78733312402 1.14133270183
1.1393832443 0.373279595903
1.84268232381 1.8236396703
-0.167276700762 -0.456582269359
2.31160925134 2.74283618543
2.05054912925 2.56674472923
1.12741222457 1.04434299124
2.12121568545 1.81678614072
0.894382977314 1.3897974484
-0.0582592722291 -0.0794154483959
0.288227699297 0.866550027996
-1.06533290891 -0.586175483562
1.82516194238 1.26303689826
0.689504422329 0.499118440218
1.74749046373 3.05176269846
-0.913138923014 0.639756402638
1.29723908048 2.3604460586
-0.154074889286 -0.623690184173
1.11400531185 1.13402348428
0.453139848371 1.78058000233
0.205205649118 1.04470150118
1.74552848662 0.445349631297
2.72507734137 2.54669788531
0.711597519429 0.098417521957
-0.302426127092 -0.691196234227
0.35549851916 1.83758781777
0.628948700727 0.81844872311
0.873189823354 0.3987555767
0.785468198164 0.300039871476
1.80311036712 3.03289627571
1.69969393095 0.424563451461
1.63360597246 2.40900822378
0.998395058586 1.5205553696
-0.576871078999 -0.830976173531
1.32291064489 1.06587792535
3.05163770972 1.44043107094
0.50460561781 0.889168535837
1.24984037174 0.345406342317
0.279622784156 -0.685317154099
0.712623733896 0.429820898331
0.970777897007 1.84022815843
0.611795657225 0.27169962855
1.84452707598 0.770165902173
0.993366116666 1.06990613588
-0.414149911787 -0.18627361265
0.672068276962 0.55499014591
0.754313529782 0.903956628505
1.28702701648 2.20207734401
0.67164851006 1.81415634513
0.0985555001118 0.247103296589
0.382946572639 0.0490673824284
1.54257594855 0.0493748425091
-0.206375031106 0.976998554721
0.65667536219 0.922494258872
1.06306133256 1.36835208736
2.14485378914 1.38600764101
0.205659959368 0.0806031293531
2.35704220697 0.436822583048
0.310839615378 -1.14712539739
-0.88138984602 0.759185764214
2.02553307939 0.805812185072
0.982312148371 0.595348959359
1.28117518329 1.07543178288
0.539997476921 0.494770603628
2.19098585552 2.09126998908
0.0693292862445 -0.905659072997
-0.0385411437189 1.1942978556
0.493120644277 0.346973026667
1.56471985801 1.15971162862
1.95266111521 0.808170048219
0.485895183239 0.601085897967
2.2535242509 0.481429893466
0.454926608887 1.64515255234
