0.629686044395 1.42361675487
-0.475180232645 -0.177364976619
0.501613955799 0.869359203652
1.46224605352 2.6174059023
1.92029395591 3.28722160889
0.558534119905 0.625414277121
0.273718028196 -0.297017631421
1.20565639447 1.44207451914
1.24788184254 2.46470949067
3.61012638562 2.72816831095
1.33287366881 1.92466485685
1.39883187759 1.76051220581
0.537262129328 0.97870863309
1.9084964507 0.968737070596
-0.633966528586 -0.396044003458
2.87110775979 2.8856651416
1.48365022139 0.843812735813
1.99946691778 0.766288384784
2.80516297092 1.71443874476
1.21880138334 2.25326383994
-0.760454288842 1.70174332322
-0.522874426146 0.2296693552
0.314394247562 0.0422019834501
1.97550258412 0.718853521299
1.99545944994 1.21912879224
1.2500401709 1.28265595322
1.21565763009 0.292803226639
0.519187832513 0.653746675674
0.605744536514 3.05404255846
3.30612524399 2.50250840422
1.47179420227 2.19269657621
2.28864611283 2.09546624817
3.14129425624 2.20001192166
2.2584670066 0.900774618577
0.107116154511 -0.578787901298
-0.297222453621 0.835645965539
2.6593701344 0.620168240172
0.374594563117 0.755144155825
1.08029903294 1.03754877755
2.49817450778 2.21663178457
3.68721708872 1.1495502825
0.718181403221 -1.22169597694
0.26227475016 1.29904954891
0.0913463669805 0.816668030856
0.687435195577 0.00063723435727
0.629703393818 1.87223511342
0.188065334111 0.330473854721
1.05102724519 -0.114044374946
2.05241356444 0.446212782955
-0.149797492704 1.14875968205
0.862659790632 -0.140368969673
1.58425473312 1.81977712886
1.96236229987 1.61206542198
-0.210563162609 2.17617215893
1.32529597709 1.3465981948
1.09945036481 1.05087830302
2.36462656117 0.641170375089
-0.430606228077 0.197534144412
-0.341582095483 -0.635262238369
2.1499179875 1.54412913809
-0.452727645428 0.95162082538
1.64406127358 0.493140314301
0.424460558384 1.15159357043
1.09016365039 1.42904261135
3.53992519872 2.52064140317
2.36451813392 0.552096223157
1.38300671775 1.78156829054
2.72686901983 2.67387150224
0.363364779635 -0.759587760025
0.0178921851528 -0.92227291416
0.544105717166 0.471720335265
0.0405845612146 -0.658362571682
0.0756513341818 2.37882992058
0.813153248464 0.314576678851
0.62923026411 1.065851394
1.5114950614 1.782251423
1.42614200937 1.08284388585
0.867455489027 0.17323059744
1.30077258305 2.10230200825
2.20229693508 2.01009608071
-0.657786094143 0.0129439620998
1.28082312299 1.79395910468
2.41245446995 1.53283635586
2.59193174925 2.12444455165
3.89858059238 1.75751044896
0.546411814874 1.09550529513
0.949514868397 0.414552928743
0.570485152156 2.37080624587
0.614555642775 0.162831394912
0.474270785732 0.641634064448
0.940394046901 1.11795104823
-0.149541896277 0.406356214747
3.09860563154 2.65899123305
-0.236115701909 -0.277207337023
0.181514948584 0.921142319075
0.795711927484 0.326795573526
-0.156697688803 -0.0112945653118
1.04146007934 0.748752230645
1.95117892889 1.83875776475
2.09464648099 0.854861988123
