-1.30652716811 -0.956089645251
-3.44883129671 0.817908699804
-1.93501980379 0.958102396723
-1.16576794124 -0.473610347734
-0.139819517254 -0.436626049777
0.171764675296 -0.586480828346
-1.24184163545 -0.669253124867
-1.37819010026 1.49604957593
-1.58356693943 -2.48260862669
1.23130380287 -1.56411150262
-2.57577450769 -1.20260434031
-0.718620546468 -0.971438017506
-1.37520740444 -1.70696427739
0.0088456128741 -2.02116737884
-2.75189617184 0.77640161613
-0.977813290954 -1.09326812727
-1.40696340865 -0.974842483054
-1.92631582476 -0.394546457885
-0.888785533694 -1.46939175445
-1.11220297217 -0.214600446947
0.239850079345 -3.26312705605
-2.41556666357 -0.0575242491919
-1.89918673497 0.6665897223
-2.15645736982 -1.10944967704
-0.729077955421 -1.66168404669
0.696882597421 -2.93575356585
-0.812431215657 -2.33650646121
-1.75719904589 -1.42022755584
0.0127259118214 -0.742493252693
-0.0915910437803 -0.94456290944
-0.136431479929 -0.825545172197
-0.290912492483 -1.12173734737
-2.01152639427 0.440993921659
-0.631672707031 -0.910182799939
-2.26397744101 -0.212649809048
-2.47545811683 -1.4293568139
-2.16462787785 0.0992378237204
-1.80111462979 0.758484230039
-1.1239419302 -0.961447114094
-2.50887289402 -1.20243189429
-0.97682903234 -0.527069528212
-0.901080847329 -1.71748150751
-2.0220752554 -1.68347069014
-0.713014731362 -2.00754556758
-0.00253014268079 -2.21745490094
-1.47860146913 -2.11059608989
-0.931967863031 -1.91811702589
-0.186733011799 -0.752464700738
-0.72831065107 -1.3380018733
0.326849302665 -2.37298706262
0.0548049402512 -0.571463598101
-1.35193072157 0.0433713659456
-1.54415253153 -0.781640606875
-0.617508728231 -1.2299461746
-0.138091763143 -1.36709087529
-1.97856431036 -1.67614948118
-0.880323412497 -0.179844747182
-0.520928638195 -2.33407487856
-1.3985117136 -0.129877562653
-1.19536681696 -0.568839169593
-1.03996166067 -2.82797677691
0.015990531345 -2.09216030269
-1.65466838928 -0.829582290618
0.539895518269 -2.37521150772
0.154662720365 -1.57850033943
-1.39269670027 1.01278608997
0.387704454927 -1.69878354053
-1.06542215218 -0.588035609203
-1.11172309193 0.191680526087
0.321174556934 -0.11116653017
-1.85217679069 -0.765314152298
-1.93981643184 -0.519887824745
-0.333164943253 -1.44038785303
-0.155421077156 -1.60593538967
-0.865257667781 -0.119808610499
-0.0614046300222 -1.27997635967
-1.25221194405 -0.88045118347
-2.31968380024 0.338313646354
-1.01277420511 0.356992271611
-2.38380384531 -0.157912364167
-1.08820017192 0.376894620422
0.329315288826 -2.42204611947
-1.33825239773 -1.31802916614
-0.804559692225 -1.25336976671
-1.70470556217 0.3252432898
0.345162293462 -1.87585367159
-2.13693587316 -0.575236708401
-0.760543604192 -0.145592496495
-0.101528764889 -1.40503400589
-0.444313623373 -1.49103333475
-1.20346696796 -0.511652479891
-2.25572898746 0.71606947807
-0.504417572549 -1.36549773949
-0.831941825484 -0.77735206892
-0.521072366359 -2.00118777438
-2.18872352944 -0.579678464209
-1.79228290049 -1.74927835062
-0.0833708837278 -3.56548830168
-0.656633998065 -1.98887448473
-1.28146089151 -0.564825963774
1.25702224805e-05 -0.346149839713
-1.12748049537 1.30126053657
-0.414420665121 -0.202184733556
0.24862680895 -2.61059148572
-0.378632376114 -1.41710420117
-0.668777469473 -1.8937943752
-2.15041101142 0.0296348056527
-3.71392605741 2.35057485842
-0.234145382049 -1.18211061186
-0.730592743167 -1.32361383986
0.361813862368 -2.09762510593
-2.17265250199 -0.874074516215
-0.327533732599 -1.13303526152
-2.08449855458 0.805155004794
-0.910422545319 -2.15771529567
-0.303457628154 -1.7002228101
-0.786626638524 -2.02942788348
-0.216041365208 -1.94197800952
-1.8082720562 0.167101533252
-1.08956256443 -1.62810449584
-0.579914465901 -0.119713093691
-1.32373300849 -2.01148256923
-0.261987518417 -2.18734670454
-1.40600208332 -0.221229268898
0.822414330284 -3.38102643412
-3.22627114746 0.723652380659
0.38187149543 -0.918492916042
-1.7071819331 -1.29188483323
-2.34203449029 0.798063355869
-0.60811265127 -2.64307630219
-0.39581927141 -1.20196704032
-2.06880691392 0.8389428008
0.566169296393 -1.46548824222
-1.97980672534 -0.367465036395
0.331826812145 -0.969093802189
0.790782571439 -2.07793703324
-1.52598440521 -0.504033448547
-1.79765983731 -0.14531105545
-0.501756940814 -1.38994906206
-2.26939014428 0.608658761306
-2.04425625778 -0.630390774134
-0.727367487469 -1.31958891212
-1.70548296536 -0.816935956108
-0.415798065736 -1.82607133422
-1.09817534863 -0.478861275379
0.71231946665 -1.95740960746
0.532008112846 -1.51183026073
-0.229029422605 -1.71092871291
-0.272481305216 -1.01171357251
-0.361089143399 -0.104576960975
-1.00930084245 -1.01312462173
-0.88694988538 -1.41441339664
-0.154001329567 -0.639171178266
-0.413921131315 -0.0150850400972
-1.58725109272 -0.257978715302
-2.38267678145 -1.25996961542
-0.86928292118 -0.7784987698
-0.0835170253092 -2.17466917396
-1.18964323002 -1.59832734957
-0.484055456727 -1.31691115139
-1.72573871789 -0.118977214794
-0.259941470142 -2.72153614982
-0.604729800805 -2.12530015713
0.206129899854 -2.93506595532
-0.246804670411 -2.31496562459
-2.59394282895 0.745406592004
-1.93683344643 -0.0106338480426
-1.80590048197 -0.6300799649
-1.2613945155 0.305930903947
-2.0900645912 0.173783610658
1.21349762082 -2.70672088814
-0.888545291989 -0.739785306766
-1.37056594952 0.836572783181
-1.21106632221 -0.554653258661
-1.36607435256 -0.687026843028
-1.33315356298 -0.835663698673
-0.0806922204348 -2.08895503795
-0.950099878421 -0.605447483266
1.01528954399 -1.15455589817
-1.31674466085 -0.869920627759
-0.58395495103 0.73316159434
-1.69910919412 -0.402478453572
-1.53499953105 -1.27650018734
-2.39188717138 -0.339978321051
-0.229984465178 -0.645784829756
-0.230980725982 -1.72212349742
-1.09941054228 -1.31273318151
-1.2570611322 -0.424379105161
-0.880985183747 -1.0745767764
-1.49528436508 -0.614543976315
-2.4714211692 -1.40583689863
-1.58241468113 -0.990891763559
-1.49920651415 0.131388365372
-0.592909413261 -2.0213768245
-1.78476741006 0.596357785405
-2.23714705262 1.09166078982
-0.93333552804 -0.292627653715
-0.423161444361 -2.13092823205
-0.0415310808915 -1.50608979677
-1.16924060641 0.938430755644
-1.4710352968 -1.25895671748
-2.52259421537 -0.563587057647
-0.789326337345 -2.14373241935
-1.10611567229 -1.81210935138
-3.06582449387 -0.0658447621033
-0.665392086112 -0.662945472701
0.490449975575 -0.380406309013
-0.517502082514 -0.623057535434
-0.92661463443 -1.26285413356
-0.239515663142 -0.169740458539
-2.28563063525 0.597318417545
0.223857106737 -1.58182764274
0.266918685393 -0.5434428218
-1.52246562522 -1.99543979331
-1.87886003218 -1.42441595394
-3.33460526626 0.489472069699
-1.09544114368 0.728170357451
0.342231922531 -1.09375714301
-0.952693631587 -0.330542988198
0.627881214208 -2.58115654003
-1.00854881136 -0.245655556467
-0.183007228962 -0.341316355371
-0.278655366651 -0.876482785828
-2.38165269684 -0.232208517365
-2.43847482411 0.071653275069
-0.65736917664 -0.551418961058
-1.82467012685 0.27256424437
-1.23167073034 -0.076067732275
-2.62175794541 0.994498448521
-1.38041260628 -1.9885996539
-1.66575620817 0.235102454844
-0.627776151783 -1.296624146
-2.18980837288 -1.05359543626
-1.24372368925 -0.361051218326
0.289572443628 -0.906532705885
-0.5020203942 -2.22677045633
1.27829921443 -2.99004077091
-1.07414621637 -1.05998548999
-0.893089000295 -2.25427586745
-1.72062794794 -2.5456434842
-0.908364050802 0.547683175373
-0.386370865071 0.332113809295
-0.906172738978 -1.33159316118
-0.959888289301 -1.2250913992
0.322669343245 -2.10688472705
-0.140489897361 -0.766924307216
-0.210991509106 -1.58337083411
-1.22880524189 -0.652940057879
-1.8133590066 -0.531026541082
-0.375367291032 -1.57380602858
-0.524959690507 -0.463581487857
-0.774982000095 -1.71069668165
-2.44430515265 0.307998758241
-1.04785658615 0.340757318819
-1.15165981586 -0.837718858946
-2.41260075842 0.261843313027
-1.3672556359 1.42146021987
-1.49010862313 -0.601133580305
-2.37005099283 -1.59454190837
0.624996939579 0.153117679268
-0.893885085473 -1.22403499864
-0.0696637058982 -2.96906659115
-0.204249663002 -1.5075277564
0.241753482633 -1.42705727926
0.556995955569 -1.20928985205
-0.26420954281 -2.49552893161
-1.5963830482 -0.513815848684
0.583354517456 -3.63462694754
-1.37547895319 -1.4281502128
-1.51420434936 -0.0042048737526
-0.624697795241 0.0686403853998
1.05908357536 -2.03663965301
-1.79645729012 0.703282766496
0.0357669699956 -1.10266006133
-1.62570088021 -0.33938792762
-1.41115336352 -1.59276066521
-1.57754053895 -0.994671946419
-1.6080383829 -0.234417523007
-2.16448130207 -0.332350697333
-2.20077705412 -0.96462273196
-1.22437044785 -0.0494265728392
-1.26602879191 -1.6722178374
-0.759065710807 -0.567044121953
-0.867745470256 -2.11580714932
-1.62673972256 -0.77553495039
0.590102515778 -1.49253911665
-0.629435193237 -0.463852708568
-0.737517305898 -0.444689832987
-0.969319382702 0.228928996467
-1.06643633433 0.288997130254
-3.3858305935 -0.240193199153
-0.940516061365 0.976459903139
-1.74764063217 1.54471066302
-2.82828030895 -0.0251086539514
-2.40795478885 -2.12704403622
-0.0156802533629 -2.63571288125
-1.66542939815 -0.480593185746
-1.65560812327 -0.546138977705
-1.85437766935 0.592111814055
0.70293664452 -1.78955603091
-3.10315360319 1.30203505452
-0.981270840756 -2.42920496944
0.637199552666 -0.95656987697
0.325306720564 -1.47364043124
0.091388375057 -4.00136638409
-2.78119315659 0.838612578601
-1.29247449533 -1.02338354429
-1.90751127413 -0.0533050095363
-3.07694583817 0.0240982819261
-1.52575372973 -1.45626500791
-2.68252642212 -0.63737760829
-0.775487048697 -0.895272954282
-1.49162481176 -1.16205368106
-2.75379019687 -0.561308539727
-0.693699548312 -1.76087142481
-0.872955434928 -0.273040258039
-1.47879932776 -1.049911256
-0.861052166741 -2.31131838533
-1.15327338865 -0.346727463612
-1.60481808859 -0.0932853680422
-2.60846162244 0.488771395243
-1.01121881816 -1.54862093892
-2.28536912743 -1.36958854602
-0.555673951805 -1.27462238815
0.488144822537 -1.30074662253
-1.2640825754 -0.579749749586
-1.57532329131 -0.912563730836
-1.58699497923 -0.542272735407
-0.975789550343 0.608388557591
0.347354735888 -1.56049395924
-0.367130886656 -1.78891590428
-2.18461902658 0.483588404664
-2.46751369652 0.34216516013
-0.412570557918 -2.17233820434
-0.523560280894 -2.51274032569
-0.623103765186 -1.26766783415
-1.10979712271 -0.96155240122
-0.851237478387 -0.723048778964
0.28693225085 -2.75865820449
2.27955291472 -2.49776220058
-0.408253582415 -0.136659965877
-3.16120657329 1.22424931449
-0.196489114188 -1.00756701652
-0.334702931759 -2.85238951973
-1.5946973282 1.59412311319
-1.03171194335 -1.42027353435
-1.6004300154 0.333706216301
-0.658569957821 -0.768930616621
0.273624286176 -2.56751238423
-0.572226410073 -0.228854989116
-1.18445323147 -0.936282055202
-3.07964185411 -1.28158560546
-1.75333521476 -0.752396240511
-2.30637685835 -0.372525681869
-1.40041518094 -2.21132133011
-1.20425388672 -1.51145616134
-2.14299297984 0.66586046374
-2.0569046266 -0.766842654432
-1.69692430201 -0.371509946377
-1.35004644436 -1.31449787841
-0.929077007563 1.50565576815
-0.493784862787 -1.67135176764
-1.77911516918 -0.00717674984125
-1.22797765965 -1.8555109717
-0.0502948802223 -0.285933635738
-1.73690490165 -0.939225717765
-0.7262637361 -1.56756152854
-2.00940892716 -1.92755879413
-1.17602238836 -2.08538703917
0.302741543672 -1.27417628704
-0.748661389846 -2.30354097845
-2.17640766468 -0.553644329481
-0.25914622589 -2.37775140829
-2.08306963054 -0.119020638525
-1.30295621412 -0.659809474984
-0.25798529619 -1.82438314301
-1.56318512515 -0.0845347897596
-1.01542119507 -0.0584524277261
-0.159869071361 -2.22275083244
0.0913381999299 -0.332700921824
-0.524151061017 -1.22557550921
-1.76972124353 -0.788772538356
-1.87450469928 -2.41335906482
-1.20570747789 -0.465108325517
0.211786118217 -1.16585924985
-2.36061891254 0.516816303828
-2.80564421741 -1.07699486593
-1.92699263384 1.63441733365
-1.85439043982 0.162306779691
-1.8212927911 -0.637322973406
-1.49077471551 -0.126995452431
-1.53297016385 -1.48354666266
-0.554704948381 -0.991872158657
-1.5752342008 -0.730621619476
-0.906574805259 -1.04506849651
0.420775375211 -1.73798404781
0.258663726528 -1.12579217405
-2.10077407169 -0.309025036087
-2.22564530252 -1.62471794732
0.81939189177 -1.45746731291
-1.91530047367 0.512359154904
0.195879671826 -1.10106080234
-3.25944027135 0.194872334285
-1.51085348418 -3.83787248805
-2.18727304007 -0.254178881728
-1.23760198593 -1.88382218221
-1.53919420372 -1.89532149382
-0.151236994024 -1.53238515007
-0.904599284796 -0.585987776871
-0.228341503711 -3.16173662566
-1.36040445668 -1.52521037467
-1.72826653058 -1.17712855689
0.645410163867 -1.69583969662
-2.40018444163 1.01944381515
0.264427356277 -1.27936993205
-0.162813605018 -1.59593411764
-0.133296006729 -1.25915973204
-1.99093753274 -0.544055643426
-0.33462115273 -1.64108495594
-1.82652144842 -1.23678586608
-2.34907849722 -0.653721506211
-2.44565003136 0.138259139352
-0.946982481695 -0.58781786292
0.725146375252 -2.10103729728
-3.10035486031 -0.223238934312
-1.34636354603 -0.940372740639
-1.99684737321 0.280910246391
-1.40161841643 0.802647609879
-0.141225987862 -0.139588032807
0.0447753981366 -0.352020024135
-0.755168207964 -1.19823215595
-0.46778758587 -1.71284875863
-0.284091891217 -1.6793307868
1.18276894237 -0.507335912347
-1.81815865809 -0.0144015667168
-1.10635262809 0.0676013006956
0.204674640396 -0.230455255941
-1.00478576092 -1.44579448024
-0.382840569788 -0.36707973081
-2.0221696394 -1.49398666689
-0.509022286125 -0.440770222268
-0.822618172765 -1.23057979319
0.287280929655 0.0438849665796
-0.48558744683 0.339023163422
0.12539936855 -1.09059450398
-1.3000133591 -0.179181466716
-0.971515381398 -2.6881533197
-3.58151071902 1.03817105102
-1.63608294302 -1.6945640851
-1.10047244767 -2.9182103611
-0.635132820237 -1.50780315058
-2.28722201198 -0.261265235469
-0.865824846886 -1.19194043006
-0.689979281734 -0.77470769713
-2.0844526559 -0.501221014529
-0.501155447952 0.193087553874
-0.468694068793 -2.09579472203
-0.611146624856 0.575309023334
0.665481175104 -1.02479595306
0.0858246050664 -1.11169087236
-0.610673285092 -3.07283077474
-2.28997409033 -0.983688834741
-1.06387401788 -0.466356970149
-2.17270316621 -2.56564819455
-1.30853652566 -0.985317762498
-0.493755278878 0.168912508581
-0.847641472924 -1.12411718874
-1.62204890719 0.181451529233
-1.42409901008 -1.2538568828
-0.854841940046 -0.148956859078
-0.731222869899 -0.853062977221
-1.59924322851 -1.9496580775
-1.8005213597 -1.51795490691
-2.22246780002 -0.600438309933
-1.16583899721 -0.522402331059
-0.319700938849 -1.58469965836
-3.10274161288 -0.323126852378
-1.62588464434 -0.0124080184411
-1.58569334178 -0.951049385442
-1.13570545503 -0.729928784263
0.332316664723 -0.661790886406
0.459982040757 -1.23142070282
-1.01433225947 0.00197775902478
-1.6869600679 -0.709687244308
-0.764961479924 -1.52480421596
-0.925662248459 -0.624413524347
-0.175973271676 -2.44494610529
-0.83315400356 -2.3422549902
-1.24839403376 -1.4910207746
-0.441783022204 0.255411318391
-1.52851790678 -0.491045304518
-2.15059407369 0.720064701986
-1.31834700643 -1.65707073338
-1.51884105054 -0.410059199351
-3.59697572118 0.0731547835739
0.144975083088 0.443859352271
-2.10571479338 -1.17512273434
-0.959967800765 -0.210804366107
-1.10105417186 -1.7950248633
-0.645263143124 -2.06111613832
-1.75030184861 -0.845258470946
-0.701210167849 0.230805615598
-2.54068674899 -0.141194451203
-0.820699316248 -1.16763319212
-1.37697116719 -1.20505642205
-1.25553265091 0.81924246368
-1.32604361262 -1.09910124321
-2.52505461344 -0.371759995579
-0.456235649297 -4.3082535475
-0.55442230255 -0.909450756273
-2.02145853681 -2.45975329126
-1.40774833598 -1.39037832002
-1.14964842466 -0.318264384401
-0.364262559 -0.780593916317
-1.36242825822 -0.984953196439
-1.34285693434 0.206461136621
-0.952706785555 -0.0661617202459
1.26245681708 -1.27972391072
-1.73637199539 -1.3010593352
-2.03668498394 -0.685276543647
-0.486465895998 -1.80054291035
-0.718977977573 -0.627398998617
0.701263066753 -2.41425817557
-2.60378767314 -0.069452149262
-1.61121886896 -2.08106802896
0.816922015361 -0.828858150796
0.0547016205422 -1.24314720608
1.37439858763 -3.14565731408
-0.725795195617 -1.128237867
-1.65065029561 -0.144093636367
0.209176958063 -2.61759169148
-2.55761280904 -1.68692375222
-0.895524186649 1.48446954787
-1.47893508157 -1.82318221484
-1.65953943341 -0.808796346801
-0.86483629948 -2.16524567816
-2.51817997402 -1.25522843675
-1.27453971612 -0.993863151061
-1.06598138257 -0.404341404882
0.744468461425 -1.89553560469
-0.824200758238 -1.16013437506
-2.05473554868 -1.6443735169
0.519024390277 -1.00849720517
-2.41695100094 -0.466066314288
-1.95666808626 -0.430745783795
0.228813440539 -1.33708883961
0.305573571211 -0.334165568024
-2.83479166005 -0.482459833666
-1.52621277744 -0.324660657
-1.19759169399 -1.32200426678
-2.84146833494 -0.124028916719
0.862202117587 -2.82771737377
-1.73776466761 -1.78823107752
-1.05052461218 -0.334319453521
-1.27955034837 -0.742262990492
-0.704676226082 -2.19158299495
-1.16132378376 -1.78811125064
-0.101373717807 -1.77577336682
-1.21502444932 -1.69661298608
-0.574613458485 -1.41916774761
-0.986815441318 0.0455426142972
0.00759444365547 -0.861707619868
-0.374450735566 0.041448600739
-2.10196568789 -0.331954950434
-1.35011998347 -1.06255863021
-1.16533489477 -0.774979005164
0.103367180979 -2.75337921709
-1.7402128895 0.379784940705
-0.861285473736 -1.17699717393
-0.596132141449 -0.379147897176
-1.51665546464 -0.71121418643
-0.740875035542 -1.3885855519
-0.756034555239 -0.573750830244
-1.12192464922 -1.59929990941
-1.67828365861 0.009050039513
0.0406761692136 -2.73682441303
-2.57075407865 -0.811887887521
-1.07681999374 -0.0473861257288
-2.85294429101 -0.72295706782
-3.01670422501 1.42869859844
-1.13541722533 -2.00056027734
-0.0267673205034 -1.50177688514
-0.979857367884 -1.99060671261
-0.670268605614 -2.25233933605
0.892001633758 -1.84239490483
0.0818530768256 -0.90082596855
-1.14051007362 -0.13302672449
-1.73076206392 -1.75379588293
-0.0262038806381 -3.32450170317
-0.736809318948 -1.1086374497
-1.13199991753 -0.500372700356
-1.30242075269 -1.07091409508
-0.63527167437 -1.11542558615
1.29172918806 -1.86857772922
-0.314137545204 -1.78662592286
-0.12203318714 0.0276674151382
-1.71919023465 0.644622701391
-2.65794787501 -1.11790556124
0.947803481102 -1.11870013785
-1.09928329467 -1.83733837062
-2.33455045411 -0.594502917316
-1.62836951308 -1.49694230306
-1.59686569765 -1.70249584568
-1.9244021866 -0.709064165343
-0.995510743853 -0.557358562453
-1.37196792866 -1.46172027849
-1.81366988606 -0.672678601212
-1.09394701216 -1.68269946855
-1.35708466612 -1.36026683548
-0.0920273654113 -1.28714775363
-1.14420565387 -0.183966033772
-1.12313884711 -1.28417435694
-1.02093687316 -1.82703442225
-1.69381267067 -1.32897552425
-1.08830989489 -0.590703254777
-1.91506960688 -1.20695607779
-0.663223831644 -0.639348784638
-1.12438747265 -1.40507672804
-1.62402348984 -0.918470034421
-0.558216782566 0.0357749179283
-0.786222401979 -1.10327425228
-0.921646267189 -0.631215988465
-1.24820471533 -0.258157201316
-0.485582378609 -1.45123474627
-0.913101151184 -0.469195035637
0.223377342047 -2.2605994277
0.594191470064 -1.34594057776
0.71032957069 -2.04312641879
-0.988292854315 -1.96617676386
-1.62721068276 -1.33902036682
-3.21993125735 -0.860049218801
-1.7509979105 -0.89317713358
-2.83420304244 1.60756616339
-1.69197374782 -0.0392725000124
-1.37961349984 0.128984274009
-0.943555594117 -1.21096965077
-1.83200874893 -0.826228914837
-2.54924955058 -1.97778253977
0.285823212635 -0.50697973362
0.302847252606 -2.79295949095
0.790319986341 -1.79479179451
-0.0915094714844 -0.589396915067
-0.806308716413 -0.179244225246
0.0808042724029 -1.36688057924
-1.86494857102 -0.184860553354
-1.69014198145 -0.86801360986
-0.974903377745 -2.74168632761
0.270569736627 -1.65504377832
-1.13791227579 -0.306027280173
-0.373489744226 -1.73539937847
-1.08575224513 -2.35762650935
-0.611412801622 -0.995340604667
-1.20186646049 -0.522629896226
0.780626951977 -2.38566752311
-2.20130078191 0.514216160198
-1.07075553907 -1.78322741128
-2.36197597236 -1.01583931573
-1.87210026153 -0.0434409130348
-0.653857200568 -1.61205413135
-1.36454139813 0.433287121233
-1.88171718464 0.54167417342
-1.40822542414 1.75870238527
-1.04201755226 -0.766138951783
-2.46719796592 0.367450602191
0.146911657734 -2.09719596761
-0.627046500048 -0.114739799841
-2.31724832425 0.611222906467
-1.04261083707 -1.17111232871
-0.826755095412 -1.70602187268
-0.167528139468 0.508998033136
-0.399238072473 -1.8806891044
-1.2603680215 -2.39944287314
-3.56106557106 -0.0754753386422
0.229142945046 -1.39012117937
-0.937675103707 -0.797540294373
-0.773219280039 0.243765431849
-3.33381890974 -0.37434781378
-2.18294467707 -0.76169886249
-1.50262173406 -1.2773024603
-1.31526352166 -1.12937344408
-1.4255968017 -0.710872411611
-1.57964106435 -1.22497431402
-0.254410366859 -0.40696265986
-0.43058602276 -1.63339049314
-1.13222939969 -0.761696984465
-1.58306464755 -0.816352085598
-1.89217423028 -1.82361354167
0.555240622039 -2.10721386197
-1.90446916129 -0.670166400894
-2.22084325265 -0.451327356934
-0.806095582892 -0.42540039927
-1.13248261522 -2.01249694917
-1.21073209224 -0.54986875007
-0.455527426543 -0.825792175149
-0.0338675713971 -1.96979005814
-0.412697668996 -2.64563326458
-3.22932995472 -0.683177859435
-0.412238945699 -1.30201194847
-0.201823075511 -2.61196487282
-1.16897876697 -0.737623085944
-2.95050297117 0.308536577739
-0.163095153532 -2.16400634152
-0.78742033762 0.0373566803613
-0.336834786089 -1.41118512333
0.128887526397 -1.2876067576
2.09836333728 -2.8530834792
-1.11931827379 -2.7158253434
-2.28228451133 -0.547939358619
-1.24776340134 -1.68060522653
0.128574014122 -2.067763604
-2.4128212301 -0.501212948326
-0.332910729237 0.655686817725
-1.06701142933 -0.0965054812813
-1.23106714592 -2.41046444433
-0.521122583734 -0.891441173713
1.2272942955 -2.21579656758
-1.13267997026 -1.986606418
-0.194933176872 -1.23901640672
-0.63255209049 -1.69052092991
0.308801310609 -1.93050991284
-2.3078547163 -0.393207672688
-0.19175175425 -1.0729485801
-0.574783194159 0.409858757161
-0.22582949499 -2.57864293236
-1.53242239908 -0.0983974326862
-0.159623795557 -1.47785312726
-1.34364969616 -1.2221919992
-0.837977957491 -1.62389305226
-1.19157822733 -1.60820034757
-1.753472214 -0.18511164257
-0.889996082652 -0.179156503729
-1.23373381567 -0.593481706942
-1.49023397011 -1.75148218383
-0.801093075387 -0.704965594888
-2.33082114135 -0.703172218222
-1.90622619066 -0.544570716504
-1.63650005337 -1.89724164062
-2.6980907431 1.12805714298
-2.44278777709 -1.22338529662
-0.65885808747 -2.40281927377
-0.362663736538 -2.05396492347
-1.92508410455 -1.33119664508
-0.806851062198 -0.95174771956
-0.710228227502 -2.1670629195
-0.763846770658 -2.11099005099
-0.775912610471 -1.23285631332
0.0519557413239 -1.07172295777
-1.59562879693 -0.385854149224
0.735344387453 -2.07386718123
-1.38511901811 -1.14171753063
-1.41624070611 -1.06186299465
-0.0179944616666 -1.27374506979
-0.988672877543 -1.09460306597
-0.983368933182 -1.15632487038
-0.847131206315 -0.390807792803
-1.08281318627 -0.557237345639
1.3272998272 -1.01160230979
-0.297406372116 -2.37870715007
-1.03139417147 -0.752428023624
-2.98846580201 -0.814488672457
-1.17288604274 -1.06669822097
-0.984340597597 0.0308531224685
-0.189301309783 -2.02402035551
0.139313655411 -2.48187796404
-1.43684382674 0.422876371082
-3.0408026936 0.21900654758
-1.92385235712 -1.04895182598
-2.11284341752 -1.59406823525
-1.08804745674 -1.92583075253
-0.473108057977 -1.02640879736
-0.177755740411 -3.40993500121
-1.19123409339 0.492946963144
-2.43068907747 -0.646104342017
-0.82981641496 -1.57516233759
-0.111438377697 -0.743850068579
-2.07586584871 -0.180222712671
-0.211265424618 -0.83096489723
0.0505386219445 -3.12019085485
-0.411866491093 -1.26780814185
-2.08596386459 0.79631638368
1.21845206931 -2.25796454658
-1.6844020596 -0.855539965358
-0.804081842488 -1.342155668
0.0340804323704 -0.968118565876
-1.60394309999 -1.13163399917
-0.974799162176 -0.646957718202
-1.35978812938 -0.322331482193
-1.10816427424 -1.37151064523
-0.773420170786 -0.931755942838
0.103813471212 -0.814525125876
0.0126486639628 -2.09090131999
-3.08077785773 0.909585533896
-1.50756186691 -0.59321760786
-1.26150008786 0.368555208589
-1.46010678162 -0.913005129566
0.870565479875 -3.91741559977
-0.910081545444 -1.23142350685
-1.39081036624 -1.28525855902
-0.24943142777 -1.05332239622
-2.83638844274 1.89639237885
-1.26669537986 -0.0916345761178
-0.230521331203 -1.52945008291
-0.962464982517 -0.217645286947
-2.84939220014 1.57882001669
0.845759063015 -3.14932673665
-0.0847356409484 -1.072188956
-1.0276568372 0.455039059708
-1.10066002521 -1.40159022566
-1.59471978225 -0.404555528604
0.472836123555 -0.710514144305
-1.00062401339 -2.06245137566
-1.22782489788 -1.7968679625
-2.27637253994 1.37499491086
0.556319808209 -0.770452304566
-0.476464198232 -1.63707449965
-0.837851496125 -1.69206560709
0.648752174976 -2.73014987687
-0.470891385434 -0.263490119063
-0.565599036893 -0.944422579516
-1.14722302196 0.462516757107
-0.180955210069 -1.79890723385
-1.7023556893 1.24924185012
-1.36973644123 -1.13381037631
-0.0213095997782 -1.60729809482
-1.03432607341 -1.58683018878
-0.732352488023 -2.56559427455
-0.560414892004 -0.603434910469
-0.929142033977 -1.46434733646
-0.881469275615 -1.68440546121
-0.243793429159 -0.876962999029
-0.781918649456 0.719665750422
-1.34631979859 -1.27868393514
-0.102069448312 -2.21381256871
-0.693768563843 -1.40371148623
-0.901884327866 -2.77727037668
-1.51711727024 -1.31347580729
-1.56601775399 -1.69878935378
-1.82532754944 0.380199535797
-2.60368525386 -0.685473613143
-1.91229751398 -2.67320300862
-0.946062080903 -1.26082095559
-2.07963494751 -0.673160873514
-1.44729014277 -1.30494699025
-0.04567027711 -0.710944241043
0.0560450300232 -1.65558264543
-2.75486417447 -0.777004878452
-1.33208804381 -0.302393220451
-0.798728688527 -1.16942001074
-0.233913233313 -0.244847200048
-0.656449651581 -2.90452111128
-1.63929969456 -1.59495646009
-0.435333283331 -1.24523185369
-2.27977737147 0.0972471182661
-0.180242998268 -0.355681912408
-3.19963439649 -0.225405811526
-1.35534338369 -1.53444757035
1.23184658594 -2.33302905504
-0.953495423685 -0.577279400227
-0.413199978276 -1.93707139815
-2.10176115317 -1.42925443245
0.320438453938 -3.45303210869
-0.641881102785 -2.66977936236
1.8388438991 -1.85257066561
-0.593347253162 -0.678652148795
-1.39220140818 0.56641713705
-2.21301081312 -0.277492015043
-0.869356346865 0.114839004758
-0.0936593040644 -1.57905081779
-2.17511528697 -0.732388764573
0.995155373394 -1.37732202538
-1.42319676389 -1.48128364973
-1.05711562947 -2.21249218749
-1.88267312306 -1.50697499652
-0.608045094393 -0.949725139045
-3.11397957746 -0.542333488343
0.211058357543 -1.99302291326
-3.12739406846 1.14201135425
-1.10898996356 -0.821120297379
0.601020072027 -2.1797008632
-0.868523246343 0.386533742445
-1.6962902757 -0.873765682206
-1.66550760683 -1.81719633202
-1.14158222678 -0.212204119038
-0.117276222021 -1.45754415634
0.589110243487 -0.928112416758
-3.21666527622 -0.227837260217
-1.45654492018 0.43438475815
0.360246644835 -2.01080286722
-0.564443034522 -1.32975184949
-0.884973581208 -1.73636192649
-0.722180080899 -0.492831731032
-0.787534575993 -0.194808607296
-0.569702161736 -1.34601602232
-0.273584912229 -3.35169241457
-1.29011537735 -1.13371491013
0.0997697776286 -1.01906378076
-1.01262524747 -0.664293475177
-0.0691545630678 -1.74360375846
-0.89424683185 -1.57624776446
0.972154800381 -1.12663221998
0.935807246602 -1.7860489435
-1.37522042974 -0.0717908504816
-1.34659910373 -0.233320454263
0.556065684502 -1.35320542654
1.52276092487 -2.59330806692
-0.413536177083 -2.46362842354
-0.971185292305 -1.88204426356
-0.0845166449035 -1.03712189005
-1.18007697069 -1.29276976694
-1.58664726273 -0.537816873736
-0.895888702299 -0.246399758477
0.258232319476 -2.96222452376
-1.26518731714 -2.79190618701
-0.964166925434 -1.33191900258
-1.98626795532 -0.812697104185
-3.20448368322 -0.493623905405
-1.25585109035 -1.61528553824
-1.26682407644 -0.967697003248
0.12909483424 -0.87526805118
-1.76081720643 -0.361341987165
-2.5091039165 0.700350888174
-0.552698343126 0.393705584171
-2.13660158633 -0.25853468925
-1.19866142399 -0.90339322789
-0.113111873085 -1.46037611145
-0.266537242632 -1.00811097316
-1.21536309653 -1.93821081907
-0.116223082786 -1.89966727012
-1.74039432955 -1.18856010589
-0.651663345891 0.369447145662
-1.18130888226 -0.430834507648
-3.55089189188 1.04710139256
-1.12717203849 -0.0203281713273
0.134720937435 -0.90611359598
-0.877040213289 -0.0308558640827
-2.19679547228 -0.0398594322465
-0.167029452495 -0.43636333594
-0.748859438953 -2.44600419555
-0.779621786412 -0.737155763623
-0.277243965015 -1.58151513573
-0.711039691158 -0.288052217865
-1.43375986154 -0.12760185779
-0.0723563860902 -1.2116354909
-2.37706459868 -0.113767547854
1.94234357665 -2.59667738481
-0.10466477855 -1.62845001092
-2.09690684003 -0.152409787057
0.249479140337 -0.736191075565
-0.927953572356 -0.0406462745064
-0.603299661506 -0.57400752569
-3.56101488727 0.35375430274
-0.868663915249 -1.40333537796
-1.16161085529 -0.902436064573
-2.82042153554 -0.060395993038
0.463116494295 -2.33220665476
-1.38793964835 -2.28969472646
-0.804779548438 -0.311201029781
-1.47289107583 -2.33487541339
-0.595781729358 -1.52963291225
-0.0146949104908 -1.07944294165
0.495460086406 -0.854015488605
-0.658473336769 -0.317856966264
-1.36972398759 -0.806940960476
-1.38574850906 -0.924700165535
-1.52352241758 1.64557936199
-0.264661922149 -0.915423364598
-1.54220880522 0.589390191152
-1.62108779231 0.444005335982
-1.46779725803 -1.85546949128
-1.59079409803 -1.57389379465
-1.71810160494 -0.0213612471773
-1.17042316681 -2.4769193443
-2.20802073722 -0.142353962862
-0.858677366425 0.0323477090852
-0.470201594898 -3.38719017045
-0.598878604859 -1.70273316354
-1.1087761348 -1.05975572634
-0.562827382604 -0.744180579812
-0.55195275234 -1.72151620932
-0.525118505474 -0.468207322877
-1.67788610304 -0.87279284193
-1.16544575891 -2.06779323728
-1.15760184018 -0.903893546116
-2.28808158933 -1.84731422103
-2.01334657178 -1.14301626686
0.143989807051 -1.75928868135
-1.77583566706 -0.928873530534
0.537876867372 -2.30008033702
-0.971967665825 -0.814505877153
-1.47118849088 -1.73604851401
-0.923980442205 -0.395608547463
-1.13772150229 0.254030527504
-1.58058866437 1.10237279215
-0.919501263178 -1.12880170954
-0.858974821085 -2.41221851418
-1.42343716477 -1.05727571278
-1.53618111088 -1.39137690115
0.401867063192 -1.35009992853
-0.0973409924511 -0.861878724411
-0.342018248049 -0.244367289932
