-0.124536234807 -2.26077051838
-1.74643522183 -0.421662374101
0.925611363096 -0.0266792346271
1.02199861187 -1.67764503907
2.80795515052 -2.6182958577
-0.638818313552 -2.77838311136
0.139620314435 -2.77135390225
0.0906325000852 -0.892843471954
-2.27196887447 -0.413259115247
0.314610427931 -1.23235544782
-2.21875090633 0.0386365918075
-0.113096424973 -0.86396603422
-2.15263507192 -2.1891760829
0.0822101088654 -0.935996962598
-1.79962726163 0.115928246831
-1.72824679831 0.277445883326
-2.49802927721 0.878207811883
-1.68297832177 -2.47013588482
0.552744507907 -3.63481498623
-1.30402465408 0.142226764375
-1.573949273 -1.77056785777
-1.55430041704 -1.14736883098
-1.51052987418 -2.16662876567
-2.4756029361 -1.61624358273
1.05498205997 -0.121523524617
-2.70690490384 -0.695686006755
-0.206509160707 -1.86239210241
-0.454566130895 0.125108426176
-2.1453245222 0.441300525851
-0.961998423082 -1.40849862014
-0.294241975206 -1.43685828574
-1.1507562045 -1.54431001886
-0.925147746907 -0.266327744094
-1.23018220747 -1.01881794101
-0.198168221576 -1.74968859842
0.736822519026 -3.42853843152
-0.613978226657 -1.51121717672
-1.90241811401 -1.26523356461
-0.795380372234 0.0198767947431
-0.314619927297 -1.61454620628
-2.02460784922 -1.01128316861
-1.19795266808 -1.52041211374
0.412878858233 -1.56663083596
-0.990376457336 -1.18601722707
0.718409903604 -2.25969748896
0.300147913181 -0.666595183366
-0.240165687548 -1.55857289262
-1.74875951599 -1.20239137551
-2.20655439459 -1.14413967115
-0.890348777816 -1.88856510936
0.281023553177 -0.303008901944
-1.58706817678 1.1937991089
-1.59933639504 -0.653221185399
-2.36372844071 0.464365918882
-2.30672286168 -0.418367235025
-0.389705645551 -2.77868301154
-2.40310080608 -0.0774945285551
-0.782637639474 0.0872681641842
-1.13263685201 0.109303233751
-0.973963705667 -1.22224962413
-3.58844788937 -1.73268972695
0.38456303261 -1.07641095276
0.0227736898382 -1.14226410962
-0.823454052972 -2.33200809321
-1.33753331572 -1.04772793776
0.44296839525 -2.68822193491
-0.837612482858 0.4830126509
-1.80857395889 -0.0776422539428
0.190749088072 -1.84708824275
-1.8171097652 -1.74019204302
0.208420414296 -2.50393073042
-2.52626736338 -0.480668188472
-0.16274181757 -1.39045878205
-1.30050496448 0.407284085652
-0.405823765927 -1.53234308069
-0.349743142702 -0.945866559474
-1.67769074502 0.332408785143
-1.16396437498 0.590285988021
-1.66847162664 0.194531807996
0.45725748492 -1.39009836166
1.46878401105 -3.55637019097
-0.0959542712347 -2.93612471859
-0.676779258955 0.388137226393
0.272336048727 -2.75409007923
-0.905547156909 -0.720126042629
1.18539232036 -1.46590116365
-2.51297167025 -1.5356256486
0.339465973457 -1.75761879011
-2.34633295797 -0.0726839382006
-1.3935531867 0.0631088811174
-0.172461931557 -1.3872514714
-0.797928138139 -1.61667563298
-1.59554702028 -0.613459646648
-1.71483830501 -1.02790811773
-0.935665466947 -1.82283676569
-1.49489031143 -1.4886479601
-1.32338728814 -0.892407691138
-0.939526266931 -1.38205523851
-1.22434137848 -2.27403158706
-0.0307178876555 -1.11784604009
